%YAML:1.0
---
calibration_time: "Fri Sep 29 16:53:10 2017"
image_width: 1920
image_height: 1080
aspectRatio: 1.
flags: 10
camera_matrix: !!opencv-matrix
   rows: 3
   cols: 3
   dt: d
   data: [ 1.1110600626088424e+03, 0., 9.5656947755631506e+02, 0.,
       1.1110600626088424e+03, 5.6692052690868081e+02, 0., 0., 1. ]
distortion_coefficients: !!opencv-matrix
   rows: 1
   cols: 5
   dt: d
   data: [ -1.7868085307549800e-02, 1.0570570774398381e-01, 0., 0.,
       -7.1386543054332147e-02 ]
avg_reprojection_error: 5.1794132156991202e-01
